3.375357127111988653e+00,0.000000000000000000e+00
3.935558632285658387e+00,0.000000000000000000e+00
4.328346005992686152e+00,0.000000000000000000e+00
3.720118071402676918e+00,0.000000000000000000e+00
3.822946234520840036e+00,0.000000000000000000e+00
4.219302209309704565e+00,1.000000000000000000e+00
4.462304484645389202e+00,1.000000000000000000e+00
4.010982882571555663e+00,1.000000000000000000e+00
4.320814668116584656e+00,1.000000000000000000e+00
3.920517465199655049e+00,1.000000000000000000e+00
